chr1	  1789300	  1790300	1
chr1	  6864000	  6865000	1
chr1	  8229400	  8230400	1
chr1	  8601100	  8602100	1
chr1	  8614700	  8615700	1
chr1	  8796600	  8797600	1
chr1	  9448700	  9449700	1
chr1	  9621300	  9622300	1
chr1	 10621000	 10622000	1
chr1	 16275500	 16276500	1
chr1	 16593100	 16594100	1
chr1	 21449900	 21450900	1
chr1	 22099100	 22100100	1
chr1	 23474800	 23475800	1
chr1	 27436100	 27437100	1
chr1	 31482200	 31483200	1
chr1	 33407100	 33408100	1
chr1	 36269600	 36270600	1
chr1	 39637800	 39638800	1
chr1	 39847100	 39848100	1
chr1	 39897200	 39898200	1
chr1	 41306700	 41307700	1
chr1	 42776500	 42777500	1
chr1	 44011000	 44012000	1
chr1	 47217900	 47218900	1
chr1	 48383800	 48384800	1
chr1	 52362400	 52363400	1
chr1	 53681900	 53682900	1
chr1	 55886400	 55887400	1
chr1	 56981800	 56982800	1
chr1	 57119400	 57120400	1
chr1	 59146000	 59147000	1
chr1	 59238500	 59239500	1
chr1	 59316200	 59317200	1
chr1	 59321800	 59322800	1
chr1	 60745500	 60746500	1
chr1	 60880500	 60881500	1
chr1	 60888800	 60889800	1
chr1	 61328100	 61329100	1
chr1	 61389100	 61390100	1
chr1	 64537800	 64538800	1
chr1	 64967700	 64968700	1
chr1	 65316900	 65317900	1
chr1	 66156700	 66157700	1
chr1	 67751400	 67752400	1
chr1	 68141300	 68142300	1
chr1	 68193000	 68194000	1
chr1	 68253300	 68254300	1
chr1	 68669600	 68670600	1
chr1	 70459200	 70460200	1
chr1	 70755600	 70756600	1
chr1	 70902000	 70903000	1
chr1	 72018500	 72019500	1
chr1	 72225600	 72226600	1
chr1	 72579900	 72580900	1
chr1	 76694200	 76695200	1
chr1	 77877600	 77878600	1
chr1	 78439300	 78440300	1
chr1	 78535700	 78536700	1
chr1	 78637200	 78638200	1
chr1	 78805100	 78806100	1
chr1	 78972300	 78973300	1
chr1	 79841200	 79842200	1
chr1	 80040800	 80041800	1
chr1	 85298300	 85299300	1
chr1	 87205100	 87206100	1
chr1	 87391700	 87392700	1
chr1	 93955000	 93956000	1
chr1	 94070800	 94071800	1
chr1	 94141600	 94142600	1
chr1	 94548800	 94549800	1
chr1	 94591400	 94592400	1
chr1	 94775700	 94776700	1
chr1	 94794700	 94795700	1
chr1	 95400200	 95401200	1
chr1	100144200	100145200	1
chr1	100555500	100556500	1
chr1	101096400	101097400	1
chr1	101389200	101390200	1
chr1	101724300	101725300	1
chr1	102203800	102204800	1
chr1	110517700	110518700	1
chr1	112262000	112263000	1
chr1	116197100	116198100	1
chr1	116211200	116212200	1
chr1	120502500	120503500	1
chr1	143892700	143893700	1
chr1	146501500	146502500	1
chr1	154123400	154124400	1
chr1	155814400	155815400	1
chr1	155942900	155943900	1
chr1	156837400	156838400	1
chr1	158001600	158002600	1
chr1	158999500	159000500	1
chr1	161154700	161155700	1
chr1	161176100	161177100	1
chr1	162678200	162679200	1
chr1	164716600	164717600	1
chr1	168288900	168289900	1
chr1	170531500	170532500	1
chr1	172359300	172360300	1
chr1	178205100	178206100	1
chr1	178231300	178232300	1
chr1	179056800	179057800	1
chr1	180476800	180477800	1
chr1	185535900	185536900	1
chr1	186412000	186413000	1
chr1	186505600	186506600	1
chr1	186601600	186602600	1
chr1	191187400	191188400	1
chr1	191811900	191812900	1
chr1	192072100	192073100	1
chr1	192983300	192984300	1
chr1	194202000	194203000	1
chr1	204099800	204100800	1
chr1	206524100	206525100	1
chr1	206539600	206540600	1
chr1	207536000	207537000	1
chr1	208324400	208325400	1
chr1	208381800	208382800	1
chr1	208649600	208650600	1
chr1	208855400	208856400	1
chr1	211983800	211984800	1
chr1	212091700	212092700	1
chr1	212992400	212993400	1
chr1	214664700	214665700	1
chr1	220185500	220186500	1
chr1	221583700	221584700	1
chr1	221592700	221593700	1
chr1	221942100	221943100	1
chr1	223064900	223065900	1
chr1	223961200	223962200	1
chr1	225959300	225960300	1
chr1	227250000	227251000	1
chr1	232065300	232066300	1
chr1	232724800	232725800	1
chr1	234671000	234672000	1
chr2	  9363200	  9364200	1
chr2	 10176200	 10177200	1
chr2	 20874000	 20875000	1
chr2	 21993900	 21994900	1
chr2	 27525600	 27526600	1
chr2	 27537500	 27538500	1
chr2	 28980300	 28981300	1
chr2	 30383500	 30384500	1
chr2	 33502000	 33503000	1
chr2	 36639900	 36640900	1
chr2	 36662200	 36663200	1
chr2	 36876900	 36877900	1
chr2	 39024200	 39025200	1
chr2	 40223900	 40224900	1
chr2	 42344900	 42345900	1
chr2	 42523900	 42524900	1
chr2	 43583400	 43584400	1
chr2	 43941300	 43942300	1
chr2	 44518400	 44519400	1
chr2	 45997700	 45998700	1
chr2	 46038200	 46039200	1
chr2	 46173000	 46174000	1
chr2	 46589700	 46590700	1
chr2	 47687300	 47688300	1
chr2	 48003500	 48004500	1
chr2	 48124900	 48125900	1
chr2	 48320700	 48321700	1
chr2	 53161500	 53162500	1
chr2	 53314000	 53315000	1
chr2	 54833500	 54834500	1
chr2	 54836800	 54837800	1
chr2	 54845500	 54846500	1
chr2	 55345500	 55346500	1
chr2	 56134500	 56135500	1
chr2	 56470200	 56471200	1
chr2	 57599900	 57600900	1
chr2	 58431200	 58432200	1
chr2	 60937500	 60938500	1
chr2	 61480300	 61481300	1
chr2	 64267000	 64268000	1
chr2	 65038900	 65039900	1
chr2	 67787300	 67788300	1
chr2	 67800700	 67801700	1
chr2	 68978700	 68979700	1
chr2	 68982200	 68983200	1
chr2	 69865900	 69866900	1
chr2	 69996700	 69997700	1
chr2	 70471200	 70472200	1
chr2	 71114600	 71115600	1
chr2	 71611400	 71612400	1
chr2	 71943300	 71944300	1
chr2	 73233900	 73234900	1
chr2	 73470500	 73471500	1
chr2	 83278300	 83279300	1
chr2	 85731800	 85732800	1
chr2	 85967900	 85968900	1
chr2	 86023400	 86024400	1
chr2	 87308300	 87309300	1
chr2	 87904800	 87905800	1
chr2	 87906900	 87907900	1
chr2	 89120700	 89121700	1
chr2	 90466000	 90467000	1
chr2	 96558800	 96559800	1
chr2	 97865700	 97866700	1
chr2	 98177100	 98178100	1
chr2	101382100	101383100	1
chr2	101998600	101999600	1
chr2	102349700	102350700	1
chr2	102938400	102939400	1
chr2	105997100	105998100	1
chr2	109779300	109780300	1
chr2	110322000	110323000	1
chr2	112240600	112241600	1
chr2	112913200	112914200	1
chr2	113920000	113921000	1
chr2	117426400	117427400	1
chr2	121540700	121541700	1
chr2	127772300	127773300	1
chr2	131723800	131724800	1
chr2	135006500	135007500	1
chr2	135693400	135694400	1
chr2	136706200	136707200	1
chr2	136992800	136993800	1
chr2	144857000	144858000	1
chr2	144868700	144869700	1
chr2	144914100	144915100	1
chr2	151768300	151769300	1
chr2	152630700	152631700	1
chr2	158645200	158646200	1
chr2	159455300	159456300	1
chr2	160931000	160932000	1
chr2	161556000	161557000	1
chr2	162885400	162886400	1
chr2	165596000	165597000	1
chr2	169869300	169870300	1
chr2	171172500	171173500	1
chr2	173244900	173245900	1
chr2	173310400	173311400	1
chr2	173831300	173832300	1
chr2	174114200	174115200	1
chr2	174442800	174443800	1
chr2	175862000	175863000	1
chr2	177056300	177057300	1
chr2	177507700	177508700	1
chr2	183183100	183184100	1
chr2	187470200	187471200	1
chr2	187755900	187756900	1
chr2	188743300	188744300	1
chr2	190022500	190023500	1
chr2	190081900	190082900	1
chr2	190505600	190506600	1
chr2	201204700	201205700	1
chr2	201615600	201616600	1
chr2	207779900	207780900	1
chr2	207916900	207917900	1
chr2	207928200	207929200	1
chr2	208094700	208095700	1
chr2	208139000	208140000	1
chr2	208481300	208482300	1
chr2	210232400	210233400	1
chr2	212915800	212916800	1
chr2	212917900	212918900	1
chr2	216564200	216565200	1
chr2	216577800	216578800	1
chr2	216703400	216704400	1
chr2	222342200	222343200	1
chr2	224630000	224631000	1
chr2	224679700	224680700	1
chr2	225437200	225438200	1
chr2	231264800	231265800	1
chr2	231272300	231273300	1
chr2	232197200	232198200	1
chr2	235357100	235358100	1
chr2	235453800	235454800	1
chr2	235732000	235733000	1
chr2	235996600	235997600	1
chr2	237784200	237785200	1
chr2	237952700	237953700	1
chr2	237976600	237977600	1
chr2	238036000	238037000	1
chr2	238556900	238557900	1
chr3	  7382400	  7383400	1
chr3	  7829800	  7830800	1
chr3	 12360400	 12361400	1
chr3	 12465600	 12466600	1
chr3	 13050200	 13051200	1
chr3	 15317500	 15318500	1
chr3	 15350500	 15351500	1
chr3	 16102700	 16103700	1
chr3	 23567300	 23568300	1
chr3	 24549100	 24550100	1
chr3	 25525500	 25526500	1
chr3	 27601500	 27602500	1
chr3	 29456900	 29457900	1
chr3	 29680700	 29681700	1
chr3	 32397000	 32398000	1
chr3	 33341000	 33342000	1
chr3	 34351000	 34352000	1
chr3	 38780700	 38781700	1
chr3	 39793700	 39794700	1
chr3	 40059400	 40060400	1
chr3	 42220600	 42221600	1
chr3	 44293600	 44294600	1
chr3	 44980800	 44981800	1
chr3	 45164400	 45165400	1
chr3	 45539500	 45540500	1
chr3	 45553100	 45554100	1
chr3	 45639500	 45640500	1
chr3	 48079900	 48080900	1
chr3	 50028400	 50029400	1
chr3	 50035200	 50036200	1
chr3	 52292400	 52293400	1
chr3	 52705900	 52706900	1
chr3	 52716300	 52717300	1
chr3	 53303600	 53304600	1
chr3	 56792600	 56793600	1
chr3	 57945200	 57946200	1
chr3	 58014700	 58015700	1
chr3	 58028500	 58029500	1
chr3	 58079200	 58080200	1
chr3	 61805200	 61806200	1
chr3	 64261400	 64262400	1
chr3	 64329200	 64330200	1
chr3	 67140400	 67141400	1
chr3	 69856800	 69857800	1
chr3	 71015800	 71016800	1
chr3	 71640200	 71641200	1
chr3	 71706600	 71707600	1
chr3	 72319600	 72320600	1
chr3	 72353200	 72354200	1
chr3	 73835300	 73836300	1
chr3	 99363300	 99364300	1
chr3	 99988000	 99989000	1
chr3	100275600	100276600	1
chr3	100701400	100702400	1
chr3	103853400	103854400	1
chr3	104993700	104994700	1
chr3	110139900	110140900	1
chr3	110295300	110296300	1
chr3	114936500	114937500	1
chr3	115103000	115104000	1
chr3	115219400	115220400	1
chr3	120214400	120215400	1
chr3	120361000	120362000	1
chr3	121505200	121506200	1
chr3	121721600	121722600	1
chr3	121810600	121811600	1
chr3	123321000	123322000	1
chr3	124505700	124506700	1
chr3	125036100	125037100	1
chr3	125050100	125051100	1
chr3	127480800	127481800	1
chr3	127944400	127945400	1
chr3	128199100	128200100	1
chr3	129295300	129296300	1
chr3	129342900	129343900	1
chr3	129976400	129977400	1
chr3	132065300	132066300	1
chr3	133309800	133310800	1
chr3	133822600	133823600	1
chr3	134200300	134201300	1
chr3	137797900	137798900	1
chr3	141429000	141430000	1
chr3	143050100	143051100	1
chr3	145851700	145852700	1
chr3	145884000	145885000	1
chr3	146257800	146258800	1
chr3	146432600	146433600	1
chr3	149084600	149085600	1
chr3	149087000	149088000	1
chr3	149118600	149119600	1
chr3	149265600	149266600	1
chr3	149302900	149303900	1
chr3	149318700	149319700	1
chr3	149332700	149333700	1
chr3	149461900	149462900	1
chr3	149672700	149673700	1
chr3	150065400	150066400	1
chr3	150137200	150138200	1
chr3	151643500	151644500	1
chr3	152042300	152043300	1
chr3	152073200	152074200	1
chr3	154689300	154690300	1
chr3	156021500	156022500	1
chr3	156214600	156215600	1
chr3	156259300	156260300	1
chr3	158417000	158418000	1
chr3	159711100	159712100	1
chr3	159745200	159746200	1
chr3	160048500	160049500	1
chr3	160358800	160359800	1
chr3	160384200	160385200	1
chr3	167654700	167655700	1
chr3	168605300	168606300	1
chr3	168695300	168696300	1
chr3	169105300	169106300	1
chr3	169274900	169275900	1
chr3	170028100	170029100	1
chr3	170983900	170984900	1
chr3	171898600	171899600	1
chr3	172566300	172567300	1
chr3	180348200	180349200	1
chr3	182560500	182561500	1
chr3	182686600	182687600	1
chr3	182907100	182908100	1
chr3	183197500	183198500	1
chr3	183740100	183741100	1
chr3	185477200	185478200	1
chr3	186983600	186984600	1
chr3	187738400	187739400	1
chr3	188364000	188365000	1
chr3	188607900	188608900	1
chr3	193985800	193986800	1
chr3	194292900	194293900	1
chr3	194818300	194819300	1
chr3	196500600	196501600	1
chr4	  1761500	  1762500	1
chr4	  2873100	  2874100	1
chr4	  7203600	  7204600	1
chr4	  7817300	  7818300	1
chr4	  8279500	  8280500	1
chr4	  9738700	  9739700	1
chr4	 10055600	 10056600	1
chr4	 10182200	 10183200	1
chr4	 11516200	 11517200	1
chr4	 13908600	 13909600	1
chr4	 16023400	 16024400	1
chr4	 20457700	 20458700	1
chr4	 20993200	 20994200	1
chr4	 22727900	 22728900	1
chr4	 24558600	 24559600	1
chr4	 26781900	 26782900	1
chr4	 28655900	 28656900	1
chr4	 29303400	 29304400	1
chr4	 36999300	 37000300	1
chr4	 37814200	 37815200	1
chr4	 39350500	 39351500	1
chr4	 40313800	 40314800	1
chr4	 41526000	 41527000	1
chr4	 41546800	 41547800	1
chr4	 48644500	 48645500	1
chr4	 52771600	 52772600	1
chr4	 57935100	 57936100	1
chr4	 70555500	 70556500	1
chr4	 70611200	 70612200	1
chr4	 73964500	 73965500	1
chr4	 74475000	 74476000	1
chr4	 75133400	 75134400	1
chr4	 75564400	 75565400	1
chr4	 75693800	 75694800	1
chr4	 76591100	 76592100	1
chr4	 79439100	 79440100	1
chr4	 84249400	 84250400	1
chr4	 86705600	 86706600	1
chr4	 88290900	 88291900	1
chr4	 88938100	 88939100	1
chr4	 90403800	 90404800	1
chr4	 95554600	 95555600	1
chr4	 96284300	 96285300	1
chr4	 99069600	 99070600	1
chr4	 99667900	 99668900	1
chr4	 99811900	 99812900	1
chr4	101211400	101212400	1
chr4	101433300	101434300	1
chr4	102783600	102784600	1
chr4	103561500	103562500	1
chr4	106107800	106108800	1
chr4	106308000	106309000	1
chr4	108783300	108784300	1
chr4	111008700	111009700	1
chr4	113430900	113431900	1
chr4	120154200	120155200	1
chr4	123631400	123632400	1
chr4	125560900	125561900	1
chr4	128807500	128808500	1
chr4	129244300	129245300	1
chr4	129458600	129459600	1
chr4	129876300	129877300	1
chr4	130743300	130744300	1
chr4	133920200	133921200	1
chr4	139111000	139112000	1
chr4	139172600	139173600	1
chr4	140330600	140331600	1
chr4	140660800	140661800	1
chr4	140841500	140842500	1
chr4	140882600	140883600	1
chr4	143337700	143338700	1
chr4	145581700	145582700	1
chr4	145600400	145601400	1
chr4	146450800	146451800	1
chr4	146657600	146658600	1
chr4	148257400	148258400	1
chr4	148261200	148262200	1
chr4	148688900	148689900	1
chr4	148775700	148776700	1
chr4	156464100	156465100	1
chr4	159709000	159710000	1
chr4	160066700	160067700	1
chr4	166169400	166170400	1
chr4	169139300	169140300	1
chr5	   263400	   264400	1
chr5	 10489700	 10490700	1
chr5	 10550800	 10551800	1
chr5	 14341100	 14342100	1
chr5	 14671400	 14672400	1
chr5	 15248700	 15249700	1
chr5	 16774600	 16775600	1
chr5	 19928900	 19929900	1
chr5	 22562300	 22563300	1
chr5	 22565000	 22566000	1
chr5	 22620000	 22621000	1
chr5	 30900400	 30901400	1
chr5	 34516300	 34517300	1
chr5	 34662500	 34663500	1
chr5	 44868300	 44869300	1
chr5	 52322900	 52323900	1
chr5	 52702400	 52703400	1
chr5	 56799300	 56800300	1
chr5	 57130600	 57131600	1
chr5	 58839000	 58840000	1
chr5	 66179100	 66180100	1
chr5	 66544500	 66545500	1
chr5	 66598800	 66599800	1
chr5	 71895400	 71896400	1
chr5	 72990200	 72991200	1
chr5	 73058200	 73059200	1
chr5	 73325800	 73326800	1
chr5	 74058200	 74059200	1
chr5	 78102300	 78103300	1
chr5	 81051000	 81052000	1
chr5	 90606500	 90607500	1
chr5	 93356700	 93357700	1
chr5	 95660000	 95661000	1
chr5	 95675700	 95676700	1
chr5	100133200	100134200	1
chr5	102544500	102545500	1
chr5	102551500	102552500	1
chr5	102553700	102554700	1
chr5	108357300	108358300	1
chr5	115102300	115103300	1
chr5	119780600	119781600	1
chr5	122884800	122885800	1
chr5	127607500	127608500	1
chr5	130811100	130812100	1
chr5	136730900	136731900	1
chr5	136807400	136808400	1
chr5	138097600	138098600	1
chr5	141183500	141184500	1
chr5	141573100	141574100	1
chr5	141601200	141602200	1
chr5	141733200	141734200	1
chr5	142254100	142255100	1
chr5	142362900	142363900	1
chr5	142586500	142587500	1
chr5	144635100	144636100	1
chr5	147772800	147773800	1
chr5	148121200	148122200	1
chr5	148712900	148713900	1
chr5	149267100	149268100	1
chr5	150129900	150130900	1
chr5	163194400	163195400	1
chr5	163660200	163661200	1
chr5	167069900	167070900	1
chr5	172184500	172185500	1
chr5	172228800	172229800	1
chr5	179970700	179971700	1
chr6	  2976600	  2977600	1
chr6	  3811600	  3812600	1
chr6	  4055300	  4056300	1
chr6	  4253800	  4254800	1
chr6	  4458800	  4459800	1
chr6	  4640100	  4641100	1
chr6	  5695400	  5696400	1
chr6	  7839800	  7840800	1
chr6	  7894900	  7895900	1
chr6	  8001600	  8002600	1
chr6	 10759200	 10760200	1
chr6	 11130100	 11131100	1
chr6	 11222100	 11223100	1
chr6	 11693500	 11694500	1
chr6	 12132200	 12133200	1
chr6	 12245900	 12246900	1
chr6	 12394500	 12395500	1
chr6	 12403900	 12404900	1
chr6	 13400600	 13401600	1
chr6	 15552100	 15553100	1
chr6	 15953000	 15954000	1
chr6	 21831700	 21832700	1
chr6	 22008100	 22009100	1
chr6	 22755400	 22756400	1
chr6	 31518700	 31519700	1
chr6	 31658200	 31659200	1
chr6	 34981500	 34982500	1
chr6	 36737700	 36738700	1
chr6	 37685200	 37686200	1
chr6	 38251000	 38252000	1
chr6	 40511000	 40512000	1
chr6	 40862600	 40863600	1
chr6	 41650300	 41651300	1
chr6	 42008600	 42009600	1
chr6	 42224500	 42225500	1
chr6	 43191900	 43192900	1
chr6	 43741700	 43742700	1
chr6	 45016700	 45017700	1
chr6	 45400300	 45401300	1
chr6	 46881700	 46882700	1
chr6	 47050800	 47051800	1
chr6	 52135700	 52136700	1
chr6	 53156400	 53157400	1
chr6	 53208500	 53209500	1
chr6	 53936000	 53937000	1
chr6	 54482100	 54483100	1
chr6	 54511600	 54512600	1
chr6	 55334600	 55335600	1
chr6	 56162200	 56163200	1
chr6	 65229700	 65230700	1
chr6	 68338400	 68339400	1
chr6	 72003600	 72004600	1
chr6	 72144800	 72145800	1
chr6	 75926500	 75927500	1
chr6	 76026900	 76027900	1
chr6	 76551400	 76552400	1
chr6	 79774900	 79775900	1
chr6	 80853100	 80854100	1
chr6	 81250700	 81251700	1
chr6	 86095200	 86096200	1
chr6	 86177300	 86178300	1
chr6	 87880100	 87881100	1
chr6	 93261300	 93262300	1
chr6	 93749200	 93750200	1
chr6	 99318900	 99319900	1
chr6	 99724500	 99725500	1
chr6	 99993000	 99994000	1
chr6	100954200	100955200	1
chr6	105085000	105086000	1
chr6	105493100	105494100	1
chr6	105639100	105640100	1
chr6	107966900	107967900	1
chr6	109749900	109750900	1
chr6	110111100	110112100	1
chr6	116684600	116685600	1
chr6	117873400	117874400	1
chr6	118002500	118003500	1
chr6	118705200	118706200	1
chr6	119633400	119634400	1
chr6	122032300	122033300	1
chr6	127180300	127181300	1
chr6	128890800	128891800	1
chr6	141424200	141425200	1
chr6	144636600	144637600	1
chr6	144682600	144683600	1
chr6	148021000	148022000	1
chr6	148772400	148773400	1
chr6	151512400	151513400	1
chr6	155813100	155814100	1
chr6	158476400	158477400	1
chr6	159415700	159416700	1
chr6	167136300	167137300	1
chr6	168432100	168433100	1
chr7	  3002300	  3003300	1
chr7	  5258000	  5259000	1
chr7	  6065800	  6066800	1
chr7	  7897900	  7898900	1
chr7	 12770700	 12771700	1
chr7	 15501000	 15502000	1
chr7	 15841200	 15842200	1
chr7	 17476800	 17477800	1
chr7	 20441500	 20442500	1
chr7	 20451400	 20452400	1
chr7	 20536600	 20537600	1
chr7	 20572300	 20573300	1
chr7	 21656000	 21657000	1
chr7	 30954100	 30955100	1
chr7	 32708300	 32709300	1
chr7	 35910500	 35911500	1
chr7	 37073000	 37074000	1
chr7	 39728100	 39729100	1
chr7	 40336100	 40337100	1
chr7	 40591200	 40592200	1
chr7	 40712500	 40713500	1
chr7	 46753200	 46754200	1
chr7	 47617900	 47618900	1
chr7	 54878300	 54879300	1
chr7	 64903700	 64904700	1
chr7	 65849700	 65850700	1
chr7	 72996200	 72997200	1
chr7	 83847600	 83848600	1
chr7	 83957700	 83958700	1
chr7	 84041200	 84042200	1
chr7	 84267800	 84268800	1
chr7	 84326400	 84327400	1
chr7	 84766300	 84767300	1
chr7	 86630100	 86631100	1
chr7	 86785500	 86786500	1
chr7	 90208400	 90209400	1
chr7	 91094600	 91095600	1
chr7	 94552300	 94553300	1
chr7	 96008900	 96009900	1
chr7	 98047800	 98048800	1
chr7	102575300	102576300	1
chr7	104601600	104602600	1
chr7	104794300	104795300	1
chr7	105745100	105746100	1
chr7	105827800	105828800	1
chr7	105839800	105840800	1
chr7	107582900	107583900	1
chr7	108154500	108155500	1
chr7	114570100	114571100	1
chr7	115736900	115737900	1
chr7	115740900	115741900	1
chr7	116004200	116005200	1
chr7	116626800	116627800	1
chr7	120636300	120637300	1
chr7	127347400	127348400	1
chr7	130848600	130849600	1
chr7	131024100	131025100	1
chr7	134138600	134139600	1
chr7	134183000	134184000	1
chr7	134474200	134475200	1
chr7	134500900	134501900	1
chr7	134531500	134532500	1
chr7	139070200	139071200	1
chr7	141055900	141056900	1
chr7	143134400	143135400	1
chr7	148914700	148915700	1
chr7	150259100	150260100	1
chr7	151168900	151169900	1
chr7	151322900	151323900	1
chr7	151424400	151425400	1
chr7	151450900	151451900	1
chr7	155467300	155468300	1
chr8	  8394700	  8395700	1
chr8	  8401500	  8402500	1
chr8	  8456000	  8457000	1
chr8	 10483000	 10484000	1
chr8	 12953300	 12954300	1
chr8	 16695000	 16696000	1
chr8	 16930500	 16931500	1
chr8	 18412200	 18413200	1
chr8	 18997200	 18998200	1
chr8	 19051000	 19052000	1
chr8	 19082900	 19083900	1
chr8	 19329000	 19330000	1
chr8	 19563000	 19564000	1
chr8	 22920700	 22921700	1
chr8	 23173100	 23174100	1
chr8	 23738600	 23739600	1
chr8	 24010600	 24011600	1
chr8	 24079700	 24080700	1
chr8	 24206400	 24207400	1
chr8	 27224000	 27225000	1
chr8	 29511500	 29512500	1
chr8	 29609400	 29610400	1
chr8	 29685300	 29686300	1
chr8	 29851600	 29852600	1
chr8	 29960900	 29961900	1
chr8	 30311000	 30312000	1
chr8	 30321100	 30322100	1
chr8	 32180100	 32181100	1
chr8	 32420800	 32421800	1
chr8	 32500500	 32501500	1
chr8	 33482200	 33483200	1
chr8	 40023000	 40024000	1
chr8	 41218600	 41219600	1
chr8	 41398300	 41399300	1
chr8	 41669800	 41670800	1
chr8	 41890200	 41891200	1
chr8	 41892300	 41893300	1
chr8	 52807200	 52808200	1
chr8	 57967300	 57968300	1
chr8	 62015600	 62016600	1
chr8	 62566300	 62567300	1
chr8	 67435700	 67436700	1
chr8	 68012800	 68013800	1
chr8	 68045700	 68046700	1
chr8	 68910300	 68911300	1
chr8	 69122200	 69123200	1
chr8	 69482000	 69483000	1
chr8	 70355200	 70356200	1
chr8	 71080600	 71081600	1
chr8	 71514300	 71515300	1
chr8	 74434300	 74435300	1
chr8	 80700200	 80701200	1
chr8	 81402900	 81403900	1
chr8	 81446000	 81447000	1
chr8	 86207900	 86208900	1
chr8	 89089200	 89090200	1
chr8	 89126700	 89127700	1
chr8	 93536400	 93537400	1
chr8	 95886800	 95887800	1
chr8	 96715900	 96716900	1
chr8	 96820000	 96821000	1
chr8	101387400	101388400	1
chr8	105372900	105373900	1
chr8	106490000	106491000	1
chr8	107466900	107467900	1
chr8	107807100	107808100	1
chr8	109243800	109244800	1
chr8	118922500	118923500	1
chr8	119353800	119354800	1
chr8	125363500	125364500	1
chr8	125535600	125536600	1
chr8	128175300	128176300	1
chr8	128834600	128835600	1
chr8	128863100	128864100	1
chr8	129183800	129184800	1
chr8	131157700	131158700	1
chr8	131207600	131208600	1
chr8	131212300	131213300	1
chr8	131236200	131237200	1
chr8	131304600	131305600	1
chr8	132944500	132945500	1
chr8	141994500	141995500	1
chr8	142083200	142084200	1
chr8	145499100	145500100	1
chr9	  3336900	  3337900	1
chr9	  4333900	  4334900	1
chr9	  6355500	  6356500	1
chr9	  9643500	  9644500	1
chr9	 16321300	 16322300	1
chr9	 16541500	 16542500	1
chr9	 21552900	 21553900	1
chr9	 22049600	 22050600	1
chr9	 22237400	 22238400	1
chr9	 33224900	 33225900	1
chr9	 35344800	 35345800	1
chr9	 36211200	 36212200	1
chr9	 36923800	 36924800	1
chr9	 37929400	 37930400	1
chr9	 38006400	 38007400	1
chr9	 38214800	 38215800	1
chr9	 40912000	 40913000	1
chr9	 43381600	 43382600	1
chr9	 43793100	 43794100	1
chr9	 47216700	 47217700	1
chr9	 47224500	 47225500	1
chr9	 68198400	 68199400	1
chr9	 71961600	 71962600	1
chr9	 72086200	 72087200	1
chr9	 72499900	 72500900	1
chr9	 73021600	 73022600	1
chr9	 73201300	 73202300	1
chr9	 74291800	 74292800	1
chr9	 75043100	 75044100	1
chr9	 75431900	 75432900	1
chr9	 75732900	 75733900	1
chr9	 80110800	 80111800	1
chr9	 80121400	 80122400	1
chr9	 80130400	 80131400	1
chr9	 80349900	 80350900	1
chr9	 80364600	 80365600	1
chr9	 80632300	 80633300	1
chr9	 81475500	 81476500	1
chr9	 83989700	 83990700	1
chr9	 84105400	 84106400	1
chr9	 88150700	 88151700	1
chr9	 90300400	 90301400	1
chr9	 90329700	 90330700	1
chr9	 93810100	 93811100	1
chr9	 96901600	 96902600	1
chr9	 98581600	 98582600	1
chr9	101063500	101064500	1
chr9	101136500	101137500	1
chr9	102710700	102711700	1
chr9	102825300	102826300	1
chr9	106994800	106995800	1
chr9	110362000	110363000	1
chr9	113462600	113463600	1
chr9	114782500	114783500	1
chr9	116748000	116749000	1
chr9	116808300	116809300	1
chr9	116866800	116867800	1
chr9	116939700	116940700	1
chr9	116946000	116947000	1
chr9	117368400	117369400	1
chr9	117456100	117457100	1
chr9	123473200	123474200	1
chr9	123959600	123960600	1
chr9	124319300	124320300	1
chr9	124540900	124541900	1
chr9	129810300	129811300	1
chr9	130073400	130074400	1
chr9	130592500	130593500	1
chr9	136796900	136797900	1
chr9	138748900	138749900	1
chr9	138977900	138978900	1
chr9	139404100	139405100	1
chr9	139548000	139549000	1
chr9	140215000	140216000	1
chr9	140304900	140305900	1
chr10	   238600	   239600	1
chr10	   647000	   648000	1
chr10	  3584100	  3585100	1
chr10	  4674800	  4675800	1
chr10	  4989300	  4990300	1
chr10	  6211800	  6212800	1
chr10	  6797500	  6798500	1
chr10	  7929000	  7930000	1
chr10	  8866000	  8867000	1
chr10	 13986000	 13987000	1
chr10	 14581700	 14582700	1
chr10	 14677000	 14678000	1
chr10	 14843300	 14844300	1
chr10	 15261200	 15262200	1
chr10	 17113100	 17114100	1
chr10	 17126100	 17127100	1
chr10	 17470100	 17471100	1
chr10	 21607700	 21608700	1
chr10	 27672200	 27673200	1
chr10	 29420800	 29421800	1
chr10	 31104700	 31105700	1
chr10	 31154700	 31155700	1
chr10	 32427900	 32428900	1
chr10	 32595300	 32596300	1
chr10	 33481900	 33482900	1
chr10	 33523100	 33524100	1
chr10	 33538000	 33539000	1
chr10	 33568400	 33569400	1
chr10	 34007900	 34008900	1
chr10	 34091700	 34092700	1
chr10	 34147200	 34148200	1
chr10	 34872600	 34873600	1
chr10	 34989300	 34990300	1
chr10	 35697600	 35698600	1
chr10	 35750300	 35751300	1
chr10	 36730100	 36731100	1
chr10	 44268900	 44269900	1
chr10	 51655900	 51656900	1
chr10	 54299000	 54300000	1
chr10	 56903500	 56904500	1
chr10	 61320700	 61321700	1
chr10	 62543000	 62544000	1
chr10	 63043500	 63044500	1
chr10	 63349000	 63350000	1
chr10	 63517500	 63518500	1
chr10	 65021700	 65022700	1
chr10	 71228600	 71229600	1
chr10	 71266900	 71267900	1
chr10	 75771800	 75772800	1
chr10	 76053100	 76054100	1
chr10	 78068500	 78069500	1
chr10	 81053600	 81054600	1
chr10	 86055500	 86056500	1
chr10	 86237300	 86238300	1
chr10	 86253900	 86254900	1
chr10	 86264000	 86265000	1
chr10	 88195700	 88196700	1
chr10	 88238600	 88239600	1
chr10	 89345200	 89346200	1
chr10	 89475900	 89476900	1
chr10	 89638200	 89639200	1
chr10	 90543500	 90544500	1
chr10	 90791900	 90792900	1
chr10	 90841200	 90842200	1
chr10	 92065700	 92066700	1
chr10	 93358100	 93359100	1
chr10	 93866800	 93867800	1
chr10	 94087500	 94088500	1
chr10	 94577700	 94578700	1
chr10	 95332800	 95333800	1
chr10	 97258600	 97259600	1
chr10	101681600	101682600	1
chr10	101729500	101730500	1
chr10	104339300	104340300	1
chr10	105647700	105648700	1
chr10	105667900	105668900	1
chr10	112251300	112252300	1
chr10	114846600	114847600	1
chr10	115603700	115604700	1
chr10	115617800	115618800	1
chr10	116186200	116187200	1
chr10	121023400	121024400	1
chr10	121069500	121070500	1
chr10	121097700	121098700	1
chr10	126396700	126397700	1
chr10	126781700	126782700	1
chr10	126812200	126813200	1
chr10	126823900	126824900	1
chr10	129123300	129124300	1
chr11	  2123300	  2124300	1
chr11	  6727300	  6728300	1
chr11	  8090000	  8091000	1
chr11	  8294300	  8295300	1
chr11	  8589100	  8590100	1
chr11	  9913400	  9914400	1
chr11	 10422000	 10423000	1
chr11	 10511700	 10512700	1
chr11	 12139200	 12140200	1
chr11	 12782100	 12783100	1
chr11	 14489000	 14490000	1
chr11	 14558500	 14559500	1
chr11	 19197800	 19198800	1
chr11	 19395000	 19396000	1
chr11	 27926100	 27927100	1
chr11	 28760500	 28761500	1
chr11	 28774100	 28775100	1
chr11	 29321300	 29322300	1
chr11	 29327900	 29328900	1
chr11	 33667300	 33668300	1
chr11	 35052100	 35053100	1
chr11	 35090100	 35091100	1
chr11	 35109100	 35110100	1
chr11	 36453100	 36454100	1
chr11	 43957600	 43958600	1
chr11	 44165800	 44166800	1
chr11	 44645900	 44646900	1
chr11	 44976400	 44977400	1
chr11	 47855700	 47856700	1
chr11	 49349600	 49350600	1
chr11	 62326800	 62327800	1
chr11	 63349500	 63350500	1
chr11	 64033500	 64034500	1
chr11	 64626000	 64627000	1
chr11	 64629900	 64630900	1
chr11	 64632200	 64633200	1
chr11	 64639300	 64640300	1
chr11	 65054800	 65055800	1
chr11	 65186300	 65187300	1
chr11	 65253600	 65254600	1
chr11	 65332800	 65333800	1
chr11	 65463100	 65464100	1
chr11	 65678500	 65679500	1
chr11	 65848000	 65849000	1
chr11	 67136900	 67137900	1
chr11	 68107600	 68108600	1
chr11	 69286000	 69287000	1
chr11	 69918200	 69919200	1
chr11	 70250900	 70251900	1
chr11	 72037200	 72038200	1
chr11	 72909300	 72910300	1
chr11	 73046000	 73047000	1
chr11	 73077200	 73078200	1
chr11	 73096300	 73097300	1
chr11	 73109800	 73110800	1
chr11	 74549400	 74550400	1
chr11	 76287800	 76288800	1
chr11	 76325300	 76326300	1
chr11	 76602000	 76603000	1
chr11	 76605500	 76606500	1
chr11	 77119200	 77120200	1
chr11	 80152700	 80153700	1
chr11	 80437000	 80438000	1
chr11	 80494400	 80495400	1
chr11	 82583500	 82584500	1
chr11	 82647000	 82648000	1
chr11	 82689500	 82690500	1
chr11	 82691700	 82692700	1
chr11	 87008700	 87009700	1
chr11	 93261800	 93262800	1
chr11	 93875800	 93876800	1
chr11	 93884700	 93885700	1
chr11	 94296500	 94297500	1
chr11	 94316400	 94317400	1
chr11	 94489700	 94490700	1
chr11	 94628600	 94629600	1
chr11	 94814300	 94815300	1
chr11	 95961200	 95962200	1
chr11	 95991800	 95992800	1
chr11	 97485600	 97486600	1
chr11	 97490200	 97491200	1
chr11	100679600	100680600	1
chr11	102252500	102253500	1
chr11	103512400	103513400	1
chr11	103553500	103554500	1
chr11	104539300	104540300	1
chr11	104605100	104606100	1
chr11	105045000	105046000	1
chr11	105082400	105083400	1
chr11	105114600	105115600	1
chr11	107478900	107479900	1
chr11	107714000	107715000	1
chr11	108545000	108546000	1
chr11	108655800	108656800	1
chr11	110070800	110071800	1
chr11	111630100	111631100	1
chr11	111716700	111717700	1
chr11	111928600	111929600	1
chr11	114188900	114189900	1
chr11	114229800	114230800	1
chr11	114282000	114283000	1
chr11	114433200	114434200	1
chr11	116341900	116342900	1
chr11	116621400	116622400	1
chr11	116722700	116723700	1
chr11	119051900	119052900	1
chr11	120274900	120275900	1
chr11	121496700	121497700	1
chr11	122208400	122209400	1
chr11	123499500	123500500	1
chr11	125491200	125492200	1
chr11	125539400	125540400	1
chr11	126101800	126102800	1
chr11	128344500	128345500	1
chr11	128547200	128548200	1
chr11	131729800	131730800	1
chr11	133933000	133934000	1
chr11	134818100	134819100	1
chr12	   719100	   720100	1
chr12	   960500	   961500	1
chr12	  2467000	  2468000	1
chr12	  3413500	  3414500	1
chr12	  4373800	  4374800	1
chr12	  5690700	  5691700	1
chr12	  5769600	  5770600	1
chr12	  5884500	  5885500	1
chr12	  6087900	  6088900	1
chr12	  6170600	  6171600	1
chr12	  6282500	  6283500	1
chr12	  9917000	  9918000	1
chr12	 11733600	 11734600	1
chr12	 11857700	 11858700	1
chr12	 13269900	 13270900	1
chr12	 14404500	 14405500	1
chr12	 19205000	 19206000	1
chr12	 19841000	 19842000	1
chr12	 20530900	 20531900	1
chr12	 21769400	 21770400	1
chr12	 23397200	 23398200	1
chr12	 24178500	 24179500	1
chr12	 25479900	 25480900	1
chr12	 26120000	 26121000	1
chr12	 26163000	 26164000	1
chr12	 26208600	 26209600	1
chr12	 26470400	 26471400	1
chr12	 27153900	 27154900	1
chr12	 27316300	 27317300	1
chr12	 27731600	 27732600	1
chr12	 27772900	 27773900	1
chr12	 27993500	 27994500	1
chr12	 29089800	 29090800	1
chr12	 29111600	 29112600	1
chr12	 29118800	 29119800	1
chr12	 32740100	 32741100	1
chr12	 32745700	 32746700	1
chr12	 42691800	 42692800	1
chr12	 42862500	 42863500	1
chr12	 42963000	 42964000	1
chr12	 43119800	 43120800	1
chr12	 43219900	 43220900	1
chr12	 43255300	 43256300	1
chr12	 43732800	 43733800	1
chr12	 45698200	 45699200	1
chr12	 46784800	 46785800	1
chr12	 46796300	 46797300	1
chr12	 46873900	 46874900	1
chr12	 47054400	 47055400	1
chr12	 48146200	 48147200	1
chr12	 48209200	 48210200	1
chr12	 48261400	 48262400	1
chr12	 51015100	 51016100	1
chr12	 51812900	 51813900	1
chr12	 52374000	 52375000	1
chr12	 54800900	 54801900	1
chr12	 56563200	 56564200	1
chr12	 60464400	 60465400	1
chr12	 63794000	 63795000	1
chr12	 64333700	 64334700	1
chr12	 66079200	 66080200	1
chr12	 66253100	 66254100	1
chr12	 71009000	 71010000	1
chr12	 71014800	 71015800	1
chr12	 71037700	 71038700	1
chr12	 71053400	 71054400	1
chr12	 72020400	 72021400	1
chr12	 75956900	 75957900	1
chr12	 75978800	 75979800	1
chr12	 76370100	 76371100	1
chr12	 76375700	 76376700	1
chr12	 78118800	 78119800	1
chr12	 79115200	 79116200	1
chr12	 79834900	 79835900	1
chr12	 79837900	 79838900	1
chr12	 85388600	 85389600	1
chr12	 87105500	 87106500	1
chr12	 88565700	 88566700	1
chr12	 88638300	 88639300	1
chr12	 88693900	 88694900	1
chr12	 89032500	 89033500	1
chr12	 89345600	 89346600	1
chr12	 89511000	 89512000	1
chr12	 89738500	 89739500	1
chr12	 89793400	 89794400	1
chr12	 89870900	 89871900	1
chr12	 90256600	 90257600	1
chr12	 90422500	 90423500	1
chr12	 90715300	 90716300	1
chr12	 92878800	 92879800	1
chr12	 93696400	 93697400	1
chr12	 95070500	 95071500	1
chr12	 95470900	 95471900	1
chr12	 96278400	 96279400	1
chr12	 96570400	 96571400	1
chr12	 96618100	 96619100	1
chr12	 96736800	 96737800	1
chr12	 96914200	 96915200	1
chr12	 97374500	 97375500	1
chr12	109031900	109032900	1
chr12	109044200	109045200	1
chr12	110384400	110385400	1
chr12	110735000	110736000	1
chr12	111170900	111171900	1
chr12	111834000	111835000	1
chr12	111837400	111838400	1
chr12	111882900	111883900	1
chr12	114219200	114220200	1
chr12	116549900	116550900	1
chr12	117898000	117899000	1
chr12	120141900	120142900	1
chr12	122526900	122527900	1
chr12	122581200	122582200	1
chr12	123882900	123883900	1
chr12	124076100	124077100	1
chr12	124204000	124205000	1
chr12	124436300	124437300	1
chr12	124511100	124512100	1
chr12	125065900	125066900	1
chr12	125076400	125077400	1
chr12	125140600	125141600	1
chr12	125184900	125185900	1
chr12	125211200	125212200	1
chr13	 21588900	 21589900	1
chr13	 28962000	 28963000	1
chr13	 28966800	 28967800	1
chr13	 30143700	 30144700	1
chr13	 35042900	 35043900	1
chr13	 37705600	 37706600	1
chr13	 40919900	 40920900	1
chr13	 41172900	 41173900	1
chr13	 42143000	 42144000	1
chr13	 42249300	 42250300	1
chr13	 42274400	 42275400	1
chr13	 42341700	 42342700	1
chr13	 42647200	 42648200	1
chr13	 42752700	 42753700	1
chr13	 44389200	 44390200	1
chr13	 44875000	 44876000	1
chr13	 50818200	 50819200	1
chr13	 51021600	 51022600	1
chr13	 51979400	 51980400	1
chr13	 52053100	 52054100	1
chr13	 52635600	 52636600	1
chr13	 59971800	 59972800	1
chr13	 67209200	 67210200	1
chr13	 67711700	 67712700	1
chr13	 72195200	 72196200	1
chr13	 73909000	 73910000	1
chr13	 77281300	 77282300	1
chr13	 77438800	 77439800	1
chr13	 78095800	 78096800	1
chr13	 78718500	 78719500	1
chr13	 79975100	 79976100	1
chr13	 80299700	 80300700	1
chr13	 80488500	 80489500	1
chr13	 88110900	 88111900	1
chr13	 95719300	 95720300	1
chr13	 95789200	 95790200	1
chr13	 96363700	 96364700	1
chr13	 97921400	 97922400	1
chr13	 99609400	 99610400	1
chr13	100781400	100782400	1
chr13	104668800	104669800	1
chr13	106803300	106804300	1
chr13	107330600	107331600	1
chr13	107365700	107366700	1
chr13	108374100	108375100	1
chr13	109851200	109852200	1
chr13	109903700	109904700	1
chr13	109924600	109925600	1
chr13	110902600	110903600	1
chr13	111039600	111040600	1
chr13	111158900	111159900	1
chr13	113435000	113436000	1
chr14	 19558400	 19559400	1
chr14	 21847200	 21848200	1
chr14	 23497900	 23498900	1
chr14	 23584100	 23585100	1
chr14	 24577600	 24578600	1
chr14	 28191200	 28192200	1
chr14	 31123400	 31124400	1
chr14	 31759900	 31760900	1
chr14	 31880200	 31881200	1
chr14	 32361900	 32362900	1
chr14	 32839900	 32840900	1
chr14	 35854200	 35855200	1
chr14	 37506000	 37507000	1
chr14	 38834000	 38835000	1
chr14	 38836500	 38837500	1
chr14	 43203800	 43204800	1
chr14	 50987500	 50988500	1
chr14	 51732100	 51733100	1
chr14	 51967400	 51968400	1
chr14	 52001700	 52002700	1
chr14	 52350900	 52351900	1
chr14	 52495700	 52496700	1
chr14	 53508500	 53509500	1
chr14	 54564900	 54565900	1
chr14	 55186400	 55187400	1
chr14	 55687700	 55688700	1
chr14	 56219600	 56220600	1
chr14	 56821800	 56822800	1
chr14	 59219300	 59220300	1
chr14	 59745000	 59746000	1
chr14	 59894800	 59895800	1
chr14	 61744000	 61745000	1
chr14	 61817300	 61818300	1
chr14	 61826800	 61827800	1
chr14	 62139700	 62140700	1
chr14	 65677100	 65678100	1
chr14	 68612500	 68613500	1
chr14	 68648200	 68649200	1
chr14	 72102300	 72103300	1
chr14	 73145700	 73146700	1
chr14	 74216500	 74217500	1
chr14	 74250300	 74251300	1
chr14	 74547400	 74548400	1
chr14	 75426300	 75427300	1
chr14	 75586700	 75587700	1
chr14	 79386800	 79387800	1
chr14	 79877300	 79878300	1
chr14	 81012100	 81013100	1
chr14	 84841100	 84842100	1
chr14	 84931800	 84932800	1
chr14	 85747800	 85748800	1
chr14	 85774500	 85775500	1
chr14	 85825100	 85826100	1
chr14	 85875500	 85876500	1
chr14	 85932900	 85933900	1
chr14	 86007700	 86008700	1
chr14	 90029800	 90030800	1
chr14	 91337600	 91338600	1
chr14	 93001900	 93002900	1
chr14	 95726100	 95727100	1
chr14	 96648100	 96649100	1
chr14	 99998300	 99999300	1
chr14	101177400	101178400	1
chr14	101543500	101544500	1
chr14	101612900	101613900	1
chr14	103475000	103476000	1
chr14	103532400	103533400	1
chr14	104346100	104347100	1
chr14	105360800	105361800	1
chr15	 22916100	 22917100	1
chr15	 28377900	 28378900	1
chr15	 30127200	 30128200	1
chr15	 31325200	 31326200	1
chr15	 38419500	 38420500	1
chr15	 40189400	 40190400	1
chr15	 40199700	 40200700	1
chr15	 41085200	 41086200	1
chr15	 42802900	 42803900	1
chr15	 46104200	 46105200	1
chr15	 47712200	 47713200	1
chr15	 47980700	 47981700	1
chr15	 48812700	 48813700	1
chr15	 49354000	 49355000	1
chr15	 49707300	 49708300	1
chr15	 50742800	 50743800	1
chr15	 52757300	 52758300	1
chr15	 57303400	 57304400	1
chr15	 57732700	 57733700	1
chr15	 57802100	 57803100	1
chr15	 57858800	 57859800	1
chr15	 58311400	 58312400	1
chr15	 58470700	 58471700	1
chr15	 58598800	 58599800	1
chr15	 59527700	 59528700	1
chr15	 63314700	 63315700	1
chr15	 64863500	 64864500	1
chr15	 65871700	 65872700	1
chr15	 65961100	 65962100	1
chr15	 67297800	 67298800	1
chr15	 67437200	 67438200	1
chr15	 67478300	 67479300	1
chr15	 68657300	 68658300	1
chr15	 71075500	 71076500	1
chr15	 71194100	 71195100	1
chr15	 71740900	 71741900	1
chr15	 73928500	 73929500	1
chr15	 73980600	 73981600	1
chr15	 74092500	 74093500	1
chr15	 75953000	 75954000	1
chr15	 77346400	 77347400	1
chr15	 78357000	 78358000	1
chr15	 79170700	 79171700	1
chr15	 80419600	 80420600	1
chr15	 82343600	 82344600	1
chr15	 83864000	 83865000	1
chr15	 85225000	 85226000	1
chr15	 85268100	 85269100	1
chr15	 85308100	 85309100	1
chr15	 85543400	 85544400	1
chr15	 85553500	 85554500	1
chr15	 85698800	 85699800	1
chr15	 85880700	 85881700	1
chr15	 89666200	 89667200	1
chr15	 89686200	 89687200	1
chr15	 90361300	 90362300	1
chr15	 90366200	 90367200	1
chr15	 93161000	 93162000	1
chr15	 93477400	 93478400	1
chr15	 94940100	 94941100	1
chr15	 95243700	 95244700	1
chr15	 95508300	 95509300	1
chr15	 96355300	 96356300	1
chr15	 96569000	 96570000	1
chr15	 96862400	 96863400	1
chr15	 96974600	 96975600	1
chr15	 99446100	 99447100	1
chr15	101783000	101784000	1
chr16	   151800	   152800	1
chr16	 11076200	 11077200	1
chr16	 11885400	 11886400	1
chr16	 12851700	 12852700	1
chr16	 14374100	 14375100	1
chr16	 19195600	 19196600	1
chr16	 23589400	 23590400	1
chr16	 27532200	 27533200	1
chr16	 27589900	 27590900	1
chr16	 29546600	 29547600	1
chr16	 30436900	 30437900	1
chr16	 47746900	 47747900	1
chr16	 48591300	 48592300	1
chr16	 53075200	 53076200	1
chr16	 55522300	 55523300	1
chr16	 56481100	 56482100	1
chr16	 56834200	 56835200	1
chr16	 57105800	 57106800	1
chr16	 57140300	 57141300	1
chr16	 57667300	 57668300	1
chr16	 64981700	 64982700	1
chr16	 66385800	 66386800	1
chr16	 66546800	 66547800	1
chr16	 72571200	 72572200	1
chr16	 73059200	 73060200	1
chr16	 75061400	 75062400	1
chr16	 75288600	 75289600	1
chr16	 77609600	 77610600	1
chr16	 81410600	 81411600	1
chr16	 81428500	 81429500	1
chr16	 81587500	 81588500	1
chr16	 82674500	 82675500	1
chr16	 87086500	 87087500	1
chr16	 89362800	 89363800	1
chr16	 89392100	 89393100	1
chr16	 89648000	 89649000	1
chr17	   129100	   130100	1
chr17	  1682600	  1683600	1
chr17	  1923800	  1924800	1
chr17	  2147400	  2148400	1
chr17	  4332400	  4333400	1
chr17	  4583800	  4584800	1
chr17	  8270500	  8271500	1
chr17	  9415600	  9416600	1
chr17	 15351200	 15352200	1
chr17	 17593500	 17594500	1
chr17	 20166900	 20167900	1
chr17	 20932500	 20933500	1
chr17	 21363300	 21364300	1
chr17	 25706100	 25707100	1
chr17	 25716200	 25717200	1
chr17	 25879600	 25880600	1
chr17	 35643400	 35644400	1
chr17	 37507200	 37508200	1
chr17	 41136500	 41137500	1
chr17	 41686600	 41687600	1
chr17	 42873000	 42874000	1
chr17	 44779400	 44780400	1
chr17	 45249900	 45250900	1
chr17	 45764200	 45765200	1
chr17	 46012500	 46013500	1
chr17	 46582900	 46583900	1
chr17	 46830900	 46831900	1
chr17	 48363100	 48364100	1
chr17	 48737000	 48738000	1
chr17	 57236900	 57237900	1
chr17	 57869800	 57870800	1
chr17	 58113800	 58114800	1
chr17	 58247100	 58248100	1
chr17	 59328500	 59329500	1
chr17	 59401900	 59402900	1
chr17	 61065400	 61066400	1
chr17	 61248900	 61249900	1
chr17	 61356700	 61357700	1
chr17	 61476300	 61477300	1
chr17	 61703500	 61704500	1
chr17	 61783400	 61784400	1
chr17	 61862500	 61863500	1
chr17	 62079000	 62080000	1
chr17	 62229400	 62230400	1
chr17	 62251400	 62252400	1
chr17	 62291800	 62292800	1
chr17	 62317700	 62318700	1
chr17	 62386300	 62387300	1
chr17	 62615400	 62616400	1
chr17	 62617500	 62618500	1
chr17	 62715600	 62716600	1
chr17	 62728600	 62729600	1
chr17	 62826000	 62827000	1
chr17	 63025400	 63026400	1
chr17	 63102600	 63103600	1
chr17	 63174200	 63175200	1
chr17	 63179700	 63180700	1
chr17	 63780200	 63781200	1
chr17	 63911000	 63912000	1
chr17	 65418100	 65419100	1
chr17	 65545400	 65546400	1
chr17	 66064500	 66065500	1
chr17	 66373800	 66374800	1
chr17	 67421700	 67422700	1
chr17	 74087300	 74088300	1
chr17	 74141100	 74142100	1
chr17	 74293200	 74294200	1
chr17	 74322200	 74323200	1
chr17	 74365900	 74366900	1
chr17	 76170100	 76171100	1
chr17	 76434800	 76435800	1
chr17	 77049200	 77050200	1
chr17	 78866400	 78867400	1
chr17	 79549700	 79550700	1
chr17	 80489500	 80490500	1
chr17	 80749200	 80750200	1
chr17	 81046200	 81047200	1
chr18	   335700	   336700	1
chr18	  2757600	  2758600	1
chr18	  3579700	  3580700	1
chr18	  3683200	  3684200	1
chr18	  3712100	  3713100	1
chr18	  7590400	  7591400	1
chr18	  7761000	  7762000	1
chr18	  9152500	  9153500	1
chr18	  9177400	  9178400	1
chr18	  9400000	  9401000	1
chr18	  9595200	  9596200	1
chr18	  9922200	  9923200	1
chr18	 12828000	 12829000	1
chr18	 20046100	 20047100	1
chr18	 20262800	 20263800	1
chr18	 20890000	 20891000	1
chr18	 21491900	 21492900	1
chr18	 25727300	 25728300	1
chr18	 26271200	 26272200	1
chr18	 29456600	 29457600	1
chr18	 43471400	 43472400	1
chr18	 46060300	 46061300	1
chr18	 52958400	 52959400	1
chr18	 53164600	 53165600	1
chr18	 53420700	 53421700	1
chr18	 53495500	 53496500	1
chr18	 55884900	 55885900	1
chr18	 56672400	 56673400	1
chr18	 58540900	 58541900	1
chr18	 58562700	 58563700	1
chr18	 61778300	 61779300	1
chr18	 72934700	 72935700	1
chr18	 77173900	 77174900	1
chr19	   952800	   953800	1
chr19	  1253300	  1254300	1
chr19	  2503300	  2504300	1
chr19	  2968300	  2969300	1
chr19	  3767400	  3768400	1
chr19	  4393100	  4394100	1
chr19	  4647700	  4648700	1
chr19	  7188300	  7189300	1
chr19	  9968800	  9969800	1
chr19	 13205500	 13206500	1
chr19	 16460100	 16461100	1
chr19	 16960300	 16961300	1
chr19	 16982100	 16983100	1
chr19	 17244700	 17245700	1
chr19	 18127100	 18128100	1
chr19	 18483700	 18484700	1
chr19	 19095200	 19096200	1
chr19	 30378200	 30379200	1
chr19	 32692400	 32693400	1
chr19	 39180100	 39181100	1
chr19	 42749800	 42750800	1
chr19	 42954000	 42955000	1
chr19	 47656300	 47657300	1
chr19	 49071600	 49072600	1
chr19	 49411700	 49412700	1
chr19	 50056800	 50057800	1
chr19	 53045700	 53046700	1
chr19	 55525700	 55526700	1
chr19	 56772500	 56773500	1
chr20	   349500	   350500	1
chr20	   830900	   831900	1
chr20	  1396200	  1397200	1
chr20	  1793200	  1794200	1
chr20	  3520000	  3521000	1
chr20	  3719600	  3720600	1
chr20	  4526100	  4527100	1
chr20	  4608300	  4609300	1
chr20	  6566200	  6567200	1
chr20	  6658100	  6659100	1
chr20	  6665700	  6666700	1
chr20	  8058700	  8059700	1
chr20	 10285800	 10286800	1
chr20	 10535500	 10536500	1
chr20	 10905300	 10906300	1
chr20	 10915900	 10916900	1
chr20	 11214800	 11215800	1
chr20	 12028700	 12029700	1
chr20	 13505400	 13506400	1
chr20	 13752900	 13753900	1
chr20	 15910600	 15911600	1
chr20	 19764400	 19765400	1
chr20	 21490800	 21491800	1
chr20	 22672300	 22673300	1
chr20	 23115800	 23116800	1
chr20	 23124100	 23125100	1
chr20	 23142000	 23143000	1
chr20	 23736000	 23737000	1
chr20	 25218500	 25219500	1
chr20	 31415100	 31416100	1
chr20	 32126100	 32127100	1
chr20	 32752800	 32753800	1
chr20	 33492000	 33493000	1
chr20	 35471200	 35472200	1
chr20	 36630200	 36631200	1
chr20	 36688200	 36689200	1
chr20	 39772300	 39773300	1
chr20	 42418300	 42419300	1
chr20	 43222200	 43223200	1
chr20	 47429200	 47430200	1
chr20	 47433800	 47434800	1
chr20	 47439100	 47440100	1
chr20	 48310200	 48311200	1
chr20	 48619400	 48620400	1
chr20	 49189800	 49190800	1
chr20	 60932800	 60933800	1
chr20	 61336600	 61337600	1
chr21	 16726000	 16727000	1
chr21	 17589100	 17590100	1
chr21	 27306400	 27307400	1
chr21	 27499300	 27500300	1
chr21	 30748600	 30749600	1
chr21	 33745500	 33746500	1
chr21	 34074800	 34075800	1
chr21	 34732600	 34733600	1
chr21	 34800900	 34801900	1
chr21	 34806600	 34807600	1
chr21	 38571000	 38572000	1
chr21	 39590900	 39591900	1
chr21	 42595600	 42596600	1
chr21	 43629800	 43630800	1
chr21	 44581000	 44582000	1
chr21	 44940000	 44941000	1
chr21	 45065000	 45066000	1
chr21	 46712100	 46713100	1
chr22	 24877300	 24878300	1
chr22	 28736800	 28737800	1
chr22	 28791300	 28792300	1
chr22	 28956000	 28957000	1
chr22	 29778700	 29779700	1
chr22	 30013500	 30014500	1
chr22	 36223300	 36224300	1
chr22	 36296000	 36297000	1
chr22	 36381800	 36382800	1
chr22	 38291300	 38292300	1
chr22	 39923700	 39924700	1
chr22	 41576500	 41577500	1
chr22	 43404000	 43405000	1
chr22	 43499800	 43500800	1
chr22	 44242200	 44243200	1
chr22	 46088500	 46089500	1
chrX	  9835000	  9836000	1
chrX	  9849200	  9850200	1
chrX	  9852300	  9853300	1
chrX	 10056900	 10057900	1
chrX	 10601400	 10602400	1
chrX	 12025500	 12026500	1
chrX	 13108400	 13109400	1
chrX	 13136900	 13137900	1
chrX	 13300600	 13301600	1
chrX	 13796700	 13797700	1
chrX	 22544000	 22545000	1
chrX	 26931200	 26932200	1
chrX	 27856600	 27857600	1
chrX	 31481700	 31482700	1
chrX	 31501500	 31502500	1
chrX	 38092600	 38093600	1
chrX	 39615300	 39616300	1
chrX	 48416300	 48417300	1
chrX	 51938100	 51939100	1
chrX	 64862900	 64863900	1
chrX	 66831100	 66832100	1
chrX	 69385200	 69386200	1
chrX	 69393600	 69394600	1
chrX	 70410700	 70411700	1
chrX	 71223400	 71224400	1
chrX	 95983500	 95984500	1
chrX	101173600	101174600	1
chrX	101231900	101232900	1
chrX	102406600	102407600	1
chrX	109218500	109219500	1
chrX	117918000	117919000	1
chrX	118174300	118175300	1
chrX	118755800	118756800	1
chrX	128614300	128615300	1
chrX	128756500	128757500	1
chrX	147371800	147372800	1
chrX	149873200	149874200	1
chrX	151038500	151039500	1
chrX	153945400	153946400	1
chr1	  2512700	  2513700	-1
chr1	  6784000	  6785000	-1
chr1	  7461700	  7462700	-1
chr1	  7820300	  7821300	-1
chr1	  8604600	  8605600	-1
chr1	  8744300	  8745300	-1
chr1	 10126500	 10127500	-1
chr1	 11341300	 11342300	-1
chr1	 22184300	 22185300	-1
chr1	 22193000	 22194000	-1
chr1	 27449000	 27450000	-1
chr1	 32447200	 32448200	-1
chr1	 32701200	 32702200	-1
chr1	 44550500	 44551500	-1
chr1	 44867100	 44868100	-1
chr1	 45350100	 45351100	-1
chr1	 47680300	 47681300	-1
chr1	 51749700	 51750700	-1
chr1	 56766900	 56767900	-1
chr1	 66513000	 66514000	-1
chr1	 67198600	 67199600	-1
chr1	 83551800	 83552800	-1
chr1	 85729700	 85730700	-1
chr1	 85791900	 85792900	-1
chr1	 90010900	 90011900	-1
chr1	 90427100	 90428100	-1
chr1	 90439500	 90440500	-1
chr1	 98807800	 98808800	-1
chr1	 98834400	 98835400	-1
chr1	100774300	100775300	-1
chr1	145427200	145428200	-1
chr1	147349400	147350400	-1
chr1	154395800	154396800	-1
chr1	172420200	172421200	-1
chr1	179632400	179633400	-1
chr1	183199000	183200000	-1
chr1	183790400	183791400	-1
chr1	184227100	184228100	-1
chr1	196166200	196167200	-1
chr1	199281400	199282400	-1
chr1	203964000	203965000	-1
chr1	213457600	213458600	-1
chr1	214688600	214689600	-1
chr1	221016900	221017900	-1
chr1	221996500	221997500	-1
chr1	223923700	223924700	-1
chr1	224826600	224827600	-1
chr1	236165100	236166100	-1
chr1	236372300	236373300	-1
chr1	241319300	241320300	-1
chr1	246037700	246038700	-1
chr2	  1718500	  1719500	-1
chr2	  4305600	  4306600	-1
chr2	  4550100	  4551100	-1
chr2	  7090900	  7091900	-1
chr2	 10438000	 10439000	-1
chr2	 11470000	 11471000	-1
chr2	 11902700	 11903700	-1
chr2	 15789700	 15790700	-1
chr2	 15894300	 15895300	-1
chr2	 20341100	 20342100	-1
chr2	 24508800	 24509800	-1
chr2	 26074200	 26075200	-1
chr2	 26292300	 26293300	-1
chr2	 26496700	 26497700	-1
chr2	 30888400	 30889400	-1
chr2	 33037300	 33038300	-1
chr2	 33499900	 33500900	-1
chr2	 36285000	 36286000	-1
chr2	 36898000	 36899000	-1
chr2	 36906600	 36907600	-1
chr2	 37862100	 37863100	-1
chr2	 42766500	 42767500	-1
chr2	 43139700	 43140700	-1
chr2	 43403400	 43404400	-1
chr2	 45355400	 45356400	-1
chr2	 46361900	 46362900	-1
chr2	 54806200	 54807200	-1
chr2	 55384100	 55385100	-1
chr2	 62308000	 62309000	-1
chr2	 62536900	 62537900	-1
chr2	 62793100	 62794100	-1
chr2	 67386900	 67387900	-1
chr2	 72068700	 72069700	-1
chr2	 92013700	 92014700	-1
chr2	 99410300	 99411300	-1
chr2	101600000	101601000	-1
chr2	111233200	111234200	-1
chr2	113074000	113075000	-1
chr2	120774400	120775400	-1
chr2	128827100	128828100	-1
chr2	139051600	139052600	-1
chr2	139231400	139232400	-1
chr2	143711500	143712500	-1
chr2	146497000	146498000	-1
chr2	151090800	151091800	-1
chr2	152192900	152193900	-1
chr2	161209000	161210000	-1
chr2	173107100	173108100	-1
chr2	177437500	177438500	-1
chr2	182607700	182608700	-1
chr2	183898200	183899200	-1
chr2	191296600	191297600	-1
chr2	197098500	197099500	-1
chr2	211997000	211998000	-1
chr2	212959400	212960400	-1
chr2	231968300	231969300	-1
chr2	231975100	231976100	-1
chr2	237114800	237115800	-1
chr2	242679900	242680900	-1
chr3	  8781800	  8782800	-1
chr3	  8890200	  8891200	-1
chr3	  9718100	  9719100	-1
chr3	 10825100	 10826100	-1
chr3	 11451600	 11452600	-1
chr3	 14502600	 14503600	-1
chr3	 23484000	 23485000	-1
chr3	 23536800	 23537800	-1
chr3	 27009300	 27010300	-1
chr3	 39975800	 39976800	-1
chr3	 45700600	 45701600	-1
chr3	 49425200	 49426200	-1
chr3	 58819000	 58820000	-1
chr3	 63856000	 63857000	-1
chr3	 70751500	 70752500	-1
chr3	 87863700	 87864700	-1
chr3	 88153600	 88154600	-1
chr3	107383900	107384900	-1
chr3	116803500	116804500	-1
chr3	123559700	123560700	-1
chr3	125067600	125068600	-1
chr3	159588500	159589500	-1
chr3	171901200	171902200	-1
chr3	177319700	177320700	-1
chr3	180150700	180151700	-1
chr3	183301500	183302500	-1
chr3	193511600	193512600	-1
chr3	194387500	194388500	-1
chr3	196453700	196454700	-1
chr4	  7651500	  7652500	-1
chr4	 12441200	 12442200	-1
chr4	 18068300	 18069300	-1
chr4	 19509800	 19510800	-1
chr4	 37603100	 37604100	-1
chr4	 38004100	 38005100	-1
chr4	 41320900	 41321900	-1
chr4	 47077500	 47078500	-1
chr4	 48855600	 48856600	-1
chr4	 54809500	 54810500	-1
chr4	 56049800	 56050800	-1
chr4	 81161300	 81162300	-1
chr4	 85594300	 85595300	-1
chr4	101348900	101349900	-1
chr4	103095400	103096400	-1
chr4	103452700	103453700	-1
chr4	109565500	109566500	-1
chr4	132992200	132993200	-1
chr4	138983300	138984300	-1
chr4	140814200	140815200	-1
chr4	140946500	140947500	-1
chr4	151667300	151668300	-1
chr4	160319000	160320000	-1
chr4	169475000	169476000	-1
chr4	169529600	169530600	-1
chr4	177740200	177741200	-1
chr4	177923100	177924100	-1
chr4	185329100	185330100	-1
chr5	 12910700	 12911700	-1
chr5	 14039200	 14040200	-1
chr5	 14449500	 14450500	-1
chr5	 15719800	 15720800	-1
chr5	 16983300	 16984300	-1
chr5	 54332900	 54333900	-1
chr5	 57133700	 57134700	-1
chr5	 57972200	 57973200	-1
chr5	 60524400	 60525400	-1
chr5	 64709600	 64710600	-1
chr5	 67138400	 67139400	-1
chr5	 69010400	 69011400	-1
chr5	 71529400	 71530400	-1
chr5	 72151400	 72152400	-1
chr5	 73712000	 73713000	-1
chr5	 79812100	 79813100	-1
chr5	 80252100	 80253100	-1
chr5	 80263500	 80264500	-1
chr5	 89521800	 89522800	-1
chr5	 94277200	 94278200	-1
chr5	 94365100	 94366100	-1
chr5	 94378100	 94379100	-1
chr5	 94384400	 94385400	-1
chr5	 94477400	 94478400	-1
chr5	 96026200	 96027200	-1
chr5	112567100	112568100	-1
chr5	124488600	124489600	-1
chr5	130945900	130946900	-1
chr5	131793800	131794800	-1
chr5	131804700	131805700	-1
chr5	132219100	132220100	-1
chr5	138617200	138618200	-1
chr5	139697900	139698900	-1
chr5	149318600	149319600	-1
chr5	163342700	163343700	-1
chr5	169077600	169078600	-1
chr5	169133600	169134600	-1
chr5	172430000	172431000	-1
chr5	176463200	176464200	-1
chr6	  1642900	  1643900	-1
chr6	  2379500	  2380500	-1
chr6	  5477300	  5478300	-1
chr6	  7848100	  7849100	-1
chr6	 13636300	 13637300	-1
chr6	 15906000	 15907000	-1
chr6	 17494800	 17495800	-1
chr6	 17583500	 17584500	-1
chr6	 17687400	 17688400	-1
chr6	 18441700	 18442700	-1
chr6	 18477400	 18478400	-1
chr6	 22164000	 22165000	-1
chr6	 32212300	 32213300	-1
chr6	 34577600	 34578600	-1
chr6	 42198100	 42199100	-1
chr6	 72351300	 72352300	-1
chr6	 76134600	 76135600	-1
chr6	 89470000	 89471000	-1
chr6	 89558500	 89559500	-1
chr6	 89574800	 89575800	-1
chr6	 91202300	 91203300	-1
chr6	 93256300	 93257300	-1
chr6	108272900	108273900	-1
chr6	108789300	108790300	-1
chr6	112154400	112155400	-1
chr6	134961900	134962900	-1
chr6	136242500	136243500	-1
chr6	138807000	138808000	-1
chr6	143516100	143517100	-1
chr6	145336700	145337700	-1
chr6	151247000	151248000	-1
chr6	154691200	154692200	-1
chr7	 12759500	 12760500	-1
chr7	 13090400	 13091400	-1
chr7	 18541000	 18542000	-1
chr7	 22480200	 22481200	-1
chr7	 22523000	 22524000	-1
chr7	 22666500	 22667500	-1
chr7	 23060500	 23061500	-1
chr7	 23799300	 23800300	-1
chr7	 26246700	 26247700	-1
chr7	 26704400	 26705400	-1
chr7	 27176400	 27177400	-1
chr7	 29787200	 29788200	-1
chr7	 44654200	 44655200	-1
chr7	 56147500	 56148500	-1
chr7	 65411100	 65412100	-1
chr7	 65632700	 65633700	-1
chr7	 65908300	 65909300	-1
chr7	 73264500	 73265500	-1
chr7	 93786500	 93787500	-1
chr7	100417300	100418300	-1
chr7	102437000	102438000	-1
chr7	102458800	102459800	-1
chr7	116522300	116523300	-1
chr7	116826400	116827400	-1
chr7	122542900	122543900	-1
chr7	124998400	124999400	-1
chr7	133859200	133860200	-1
chr7	134625800	134626800	-1
chr7	135607700	135608700	-1
chr7	137485500	137486500	-1
chr7	149562400	149563400	-1
chr8	  8927400	  8928400	-1
chr8	 12910000	 12911000	-1
chr8	 29472100	 29473100	-1
chr8	 29522200	 29523200	-1
chr8	 32568200	 32569200	-1
chr8	 42380900	 42381900	-1
chr8	 52801700	 52802700	-1
chr8	 53049700	 53050700	-1
chr8	 67472000	 67473000	-1
chr8	 74393900	 74394900	-1
chr8	 80651500	 80652500	-1
chr8	 95916400	 95917400	-1
chr8	101821500	101822500	-1
chr8	102619400	102620400	-1
chr8	103871100	103872100	-1
chr8	109574700	109575700	-1
chr8	115021700	115022700	-1
chr8	118972800	118973800	-1
chr8	125605200	125606200	-1
chr8	127893200	127894200	-1
chr8	130131100	130132100	-1
chr8	142089200	142090200	-1
chr8	142126600	142127600	-1
chr8	143896700	143897700	-1
chr9	  3329400	  3330400	-1
chr9	  5687700	  5688700	-1
chr9	  9893600	  9894600	-1
chr9	 14470700	 14471700	-1
chr9	 15124500	 15125500	-1
chr9	 31556800	 31557800	-1
chr9	 39924600	 39925600	-1
chr9	 74357100	 74358100	-1
chr9	 80772300	 80773300	-1
chr9	 88856400	 88857400	-1
chr9	 90178300	 90179300	-1
chr9	100056100	100057100	-1
chr9	124759800	124760800	-1
chr9	125342400	125343400	-1
chr9	128396300	128397300	-1
chr9	132369200	132370200	-1
chr9	137335400	137336400	-1
chr9	137789300	137790300	-1
chr10	  4128200	  4129200	-1
chr10	  4982200	  4983200	-1
chr10	 21695600	 21696600	-1
chr10	 25209800	 25210800	-1
chr10	 27044200	 27045200	-1
chr10	 31719500	 31720500	-1
chr10	 31803500	 31804500	-1
chr10	 31819600	 31820600	-1
chr10	 34628300	 34629300	-1
chr10	 45248000	 45249000	-1
chr10	 45734400	 45735400	-1
chr10	 46954700	 46955700	-1
chr10	 51060300	 51061300	-1
chr10	 53375400	 53376400	-1
chr10	 70425900	 70426900	-1
chr10	 94192000	 94193000	-1
chr10	 95198800	 95199800	-1
chr10	 95224200	 95225200	-1
chr10	 97474400	 97475400	-1
chr10	 98727400	 98728400	-1
chr10	112116800	112117800	-1
chr10	114723400	114724400	-1
chr10	123594300	123595300	-1
chr10	127935600	127936600	-1
chr10	129867000	129868000	-1
chr11	  3311400	  3312400	-1
chr11	  9759400	  9760400	-1
chr11	  9874700	  9875700	-1
chr11	  9879000	  9880000	-1
chr11	  9920800	  9921800	-1
chr11	  9964600	  9965600	-1
chr11	 12203000	 12204000	-1
chr11	 12257000	 12258000	-1
chr11	 12302700	 12303700	-1
chr11	 12451400	 12452400	-1
chr11	 13702100	 13703100	-1
chr11	 14494900	 14495900	-1
chr11	 23145300	 23146300	-1
chr11	 23299700	 23300700	-1
chr11	 23335600	 23336600	-1
chr11	 23953600	 23954600	-1
chr11	 24310400	 24311400	-1
chr11	 28898400	 28899400	-1
chr11	 46758000	 46759000	-1
chr11	 47533900	 47534900	-1
chr11	 59545400	 59546400	-1
chr11	 61133300	 61134300	-1
chr11	 74042900	 74043900	-1
chr11	 75035100	 75036100	-1
chr11	 85657200	 85658200	-1
chr11	 88096800	 88097800	-1
chr11	103421400	103422400	-1
chr11	122989200	122990200	-1
chr11	134813300	134814300	-1
chr12	  6105700	  6106700	-1
chr12	 10776200	 10777200	-1
chr12	 13128300	 13129300	-1
chr12	 19911500	 19912500	-1
chr12	 30844700	 30845700	-1
chr12	 43350900	 43351900	-1
chr12	 49903800	 49904800	-1
chr12	 62676500	 62677500	-1
chr12	 63126700	 63127700	-1
chr12	 98060000	 98061000	-1
chr12	105786800	105787800	-1
chr12	109886100	109887100	-1
chr12	112362700	112363700	-1
chr12	117112600	117113600	-1
chr12	117924700	117925700	-1
chr12	120671800	120672800	-1
chr12	121114800	121115800	-1
chr12	121117500	121118500	-1
chr12	121130600	121131600	-1
chr12	122070100	122071100	-1
chr13	 25892800	 25893800	-1
chr13	 32296400	 32297400	-1
chr13	 32681600	 32682600	-1
chr13	 33684400	 33685400	-1
chr13	 37439800	 37440800	-1
chr13	 44578800	 44579800	-1
chr13	 44831800	 44832800	-1
chr13	 44934900	 44935900	-1
chr13	 45337500	 45338500	-1
chr13	 49467100	 49468100	-1
chr13	 53196200	 53197200	-1
chr13	 59849900	 59850900	-1
chr13	 59892400	 59893400	-1
chr13	 59906700	 59907700	-1
chr13	 67539100	 67540100	-1
chr13	 80798400	 80799400	-1
chr13	105689900	105690900	-1
chr13	110988400	110989400	-1
chr13	111054300	111055300	-1
chr13	113677000	113678000	-1
chr14	 81087300	 81088300	-1
chr14	 89001500	 89002500	-1
chr14	101111100	101112100	-1
chr14	105492600	105493600	-1
chr15	 32948800	 32949800	-1
chr15	 40390200	 40391200	-1
chr15	 42900100	 42901100	-1
chr15	 44588600	 44589600	-1
chr15	 48785100	 48786100	-1
chr15	 57028900	 57029900	-1
chr15	 57109700	 57110700	-1
chr15	 58081000	 58082000	-1
chr15	 59492200	 59493200	-1
chr15	 59570200	 59571200	-1
chr15	 60757100	 60758100	-1
chr15	 60811400	 60812400	-1
chr15	 61004600	 61005600	-1
chr15	 63406300	 63407300	-1
chr15	 64818100	 64819100	-1
chr15	 72098600	 72099600	-1
chr15	 72651100	 72652100	-1
chr15	 81226300	 81227300	-1
chr15	 81405400	 81406400	-1
chr15	 86130700	 86131700	-1
chr15	 86329000	 86330000	-1
chr15	 90556200	 90557200	-1
chr15	 91137400	 91138400	-1
chr16	 10831600	 10832600	-1
chr16	 16076700	 16077700	-1
chr16	 17452700	 17453700	-1
chr16	 20557400	 20558400	-1
chr16	 20881300	 20882300	-1
chr16	 27271300	 27272300	-1
chr16	 53766100	 53767100	-1
chr16	 57424200	 57425200	-1
chr16	 67993800	 67994800	-1
chr16	 70515900	 70516900	-1
chr16	 75418900	 75419900	-1
chr16	 77583200	 77584200	-1
chr16	 80185100	 80186100	-1
chr16	 84792100	 84793100	-1
chr16	 86860800	 86861800	-1
chr17	  2106700	  2107700	-1
chr17	 16814800	 16815800	-1
chr17	 17589700	 17590700	-1
chr17	 17752600	 17753600	-1
chr17	 19023000	 19024000	-1
chr17	 35826700	 35827700	-1
chr17	 38358600	 38359600	-1
chr17	 47698700	 47699700	-1
chr17	 48287600	 48288600	-1
chr17	 50681400	 50682400	-1
chr17	 57708000	 57709000	-1
chr17	 64669300	 64670300	-1
chr17	 66857500	 66858500	-1
chr17	 76369000	 76370000	-1
chr17	 76879400	 76880400	-1
chr18	  5466400	  5467400	-1
chr18	  8743100	  8744100	-1
chr18	 13276800	 13277800	-1
chr18	 13451700	 13452700	-1
chr18	 19612000	 19613000	-1
chr18	 20681600	 20682600	-1
chr18	 20959800	 20960800	-1
chr18	 22802600	 22803600	-1
chr18	 27674000	 27675000	-1
chr18	 30589700	 30590700	-1
chr18	 33308000	 33309000	-1
chr18	 48887500	 48888500	-1
chr18	 51735600	 51736600	-1
chr18	 55555700	 55556700	-1
chr18	 59256400	 59257400	-1
chr18	 59660900	 59661900	-1
chr18	 59705500	 59706500	-1
chr18	 60122200	 60123200	-1
chr18	 60666400	 60667400	-1
chr18	 76947500	 76948500	-1
chr18	 76953600	 76954600	-1
chr18	 77171700	 77172700	-1
chr19	   348100	   349100	-1
chr19	  1313200	  1314200	-1
chr19	 11642700	 11643700	-1
chr19	 19492100	 19493100	-1
chr19	 39352600	 39353600	-1
chr19	 39651000	 39652000	-1
chr19	 47132600	 47133600	-1
chr19	 47407400	 47408400	-1
chr20	  6572000	  6573000	-1
chr20	  7075000	  7076000	-1
chr20	  9441100	  9442100	-1
chr20	 10644800	 10645800	-1
chr20	 19829900	 19830900	-1
chr20	 30267700	 30268700	-1
chr20	 31037500	 31038500	-1
chr20	 43205000	 43206000	-1
chr20	 48292100	 48293100	-1
chr20	 49032000	 49033000	-1
chr20	 52339700	 52340700	-1
chr20	 57602200	 57603200	-1
chr21	 33915200	 33916200	-1
chr21	 37277200	 37278200	-1
chr21	 37697400	 37698400	-1
chr21	 44913300	 44914300	-1
chr22	 19584700	 19585700	-1
chr22	 24485900	 24486900	-1
chr22	 28180800	 28181800	-1
chr22	 28205600	 28206600	-1
chr22	 28425700	 28426700	-1
chr22	 37270000	 37271000	-1
chr22	 38701500	 38702500	-1
chr22	 44529200	 44530200	-1
chrX	  8660600	  8661600	-1
chrX	 11706400	 11707400	-1
chrX	 22818200	 22819200	-1
chrX	 22968500	 22969500	-1
chrX	 34580900	 34581900	-1
chrX	 40008700	 40009700	-1
chrX	 86646300	 86647300	-1
chrX	 87060100	 87061100	-1
chrX	112636500	112637500	-1
chrX	114842900	114843900	-1
chrX	153417200	153418200	-1
